nedwards@GraidentOne1:~/BitScope/Examples$ python exp_bscope_client.py
Starting API
s.reason= OK
s.status_code= 200
Starting: Attempting to open one device...
<built-in function BL_State>
calling BS_Trace ...
 Capture: 100 @ 1000Hz = 0.100000s (FAST)
[2.40625, 2.40625, 2.40625, 2.40625, 2.40625, 2.40625, 2.40625, 2.40625, 2.40625, 2.40625, 2.40625, 2.40625, 2.40625, 2.40625, 2.40625, 2.40625, 2.40625, 2.40625, 2.40625, 2.40625, 2.40625, 2.40625, 2.40625, 2.44921875, 2.40625, 2.40625, 2.40625, 2.40625, 2.40625, 2.40625, 2.40625, 2.40625, 2.40625, 2.40625, 2.40625, 2.40625, 2.40625, 2.40625, 2.40625, 2.40625, 2.40625, 2.40625, 2.40625, 2.40625, 2.40625, 2.40625, 2.40625, 2.40625, 2.40625, 2.40625, 2.40625, 2.40625, 2.40625, 2.40625, 2.40625, 2.40625, 2.40625, 2.40625, 2.40625, 2.40625, 2.40625, 2.40625, 2.40625, 2.40625, 2.40625, 2.40625, 2.40625, 2.40625, 2.40625, 2.40625, 2.40625, 2.40625, 2.40625, 2.40625, 2.40625, 2.40625, 2.40625, 2.40625, 2.40625, 2.40625, 2.40625, 2.40625, 2.40625, 2.40625, 2.40625, 2.40625, 2.40625, 2.40625, 2.40625, 2.40625, 2.40625, 2.40625, 2.40625, 2.40625, 2.40625, 2.40625, 2.40625, 2.40625, 2.40625, 2.40625]
r.reason= OK
r.status_code= 200
blind time 0.662560939789
total time 0.913816928864
calling BS_Trace ...
 Capture: 100 @ 1000Hz = 0.100000s (FAST)
[0.859375, 0.859375, 0.859375, 0.859375, 0.859375, 0.859375, 0.859375, 0.859375, 0.859375, 0.859375, 0.859375, 0.859375, 0.859375, 0.859375, 0.859375, 0.859375, 0.859375, 0.7734375, 0.90234375, 0.859375, 0.81640625, 0.90234375, 0.9453125, 0.98828125, 0.859375, 0.859375, 0.859375, 0.859375, 0.859375, 0.90234375, 0.859375, 0.859375, 0.859375, 0.859375, 0.859375, 0.859375, 0.859375, 0.859375, 0.859375, 0.859375, 0.859375, 0.859375, 0.90234375, 0.859375, 0.859375, 0.859375, 0.859375, 0.859375, 0.859375, 0.859375, 0.859375, 0.859375, 0.859375, 0.859375, 0.859375, 0.859375, 0.859375, 0.859375, 0.859375, 0.859375, 0.859375, 0.859375, 0.859375, 0.859375, 0.859375, 0.859375, 0.859375, 0.859375, 0.859375, 0.859375, 0.859375, 0.859375, 0.859375, 0.859375, 0.90234375, 0.859375, 0.859375, 0.859375, 0.9453125, 0.73046875, 0.98828125, 0.859375, 0.81640625, 0.859375, 0.81640625, 1.03125, 0.90234375, 0.859375, 0.859375, 0.859375, 0.859375, 0.859375, 0.859375, 0.859375, 0.859375, 0.859375, 0.859375, 0.859375, 0.859375, 0.90234375]
r.reason= OK
r.status_code= 200
blind time 0.718918085098
total time 0.962154150009
calling BS_Trace ...
 Capture: 100 @ 1000Hz = 0.100000s (FAST)
[1.24609375, 1.203125, 1.203125, 1.203125, 1.203125, 1.203125, 1.24609375, 1.203125, 1.203125, 1.203125, 1.203125, 1.203125, 1.203125, 1.203125, 1.203125, 1.203125, 1.24609375, 1.203125, 1.203125, 1.203125, 1.203125, 1.203125, 1.203125, 1.203125, 1.203125, 1.203125, 1.203125, 1.203125, 1.24609375, 1.203125, 1.24609375, 1.203125, 1.24609375, 1.24609375, 1.24609375, 1.203125, 1.24609375, 1.203125, 1.203125, 1.203125, 1.24609375, 1.203125, 1.203125, 1.24609375, 1.24609375, 1.24609375, 1.24609375, 1.24609375, 1.203125, 1.24609375, 1.24609375, 1.203125, 1.203125, 1.203125, 1.203125, 1.203125, 1.203125, 1.203125, 1.203125, 1.203125, 1.203125, 1.24609375, 1.24609375, 1.24609375, 1.203125, 1.24609375, 1.24609375, 1.24609375, 1.203125, 1.24609375, 1.24609375, 1.24609375, 1.203125, 1.24609375, 1.203125, 1.203125, 1.203125, 1.24609375, 1.24609375, 1.24609375, 1.24609375, 1.24609375, 1.24609375, 1.24609375, 1.24609375, 1.24609375, 1.24609375, 1.203125, 1.203125, 1.203125, 1.203125, 1.203125, 1.203125, 1.203125, 1.203125, 1.203125, 1.203125, 1.203125, 1.203125, 1.203125]
r.reason= OK
r.status_code= 200
blind time 0.740021944046
total time 0.982834815979
calling BS_Trace ...
 Capture: 100 @ 1000Hz = 0.100000s (FAST)
[1.07421875, 1.07421875, 1.07421875, 1.07421875, 1.07421875, 1.07421875, 1.07421875, 1.07421875, 1.07421875, 1.07421875, 1.07421875, 1.07421875, 1.07421875, 1.07421875, 1.07421875, 1.07421875, 1.1171875, 1.07421875, 1.07421875, 1.07421875, 1.07421875, 1.07421875, 1.07421875, 1.07421875, 1.07421875, 1.07421875, 1.07421875, 1.07421875, 1.07421875, 1.07421875, 1.07421875, 1.07421875, 1.07421875, 1.07421875, 1.07421875, 1.07421875, 1.07421875, 1.07421875, 1.07421875, 1.07421875, 1.07421875, 1.07421875, 1.07421875, 1.07421875, 1.07421875, 1.07421875, 1.1171875, 1.07421875, 1.1171875, 1.24609375, 1.203125, 1.1171875, 1.07421875, 1.07421875, 1.07421875, 1.07421875, 1.07421875, 1.07421875, 1.07421875, 1.07421875, 1.07421875, 1.07421875, 1.1171875, 1.07421875, 1.1171875, 1.07421875, 1.1171875, 1.07421875, 1.1171875, 1.07421875, 1.1171875, 1.07421875, 1.03125, 1.203125, 1.203125, 1.07421875, 1.07421875, 1.07421875, 1.07421875, 1.1171875, 1.07421875, 1.07421875, 1.07421875, 1.1171875, 1.07421875, 1.07421875, 1.07421875, 1.07421875, 1.1171875, 1.07421875, 1.07421875, 1.07421875, 1.07421875, 1.07421875, 1.07421875, 1.07421875, 1.1171875, 1.1171875, 1.07421875, 1.07421875]
r.reason= OK
r.status_code= 200
blind time 0.780725955963
total time 1.02401399612
calling BS_Trace ...
 Capture: 100 @ 1000Hz = 0.100000s (FAST)
[2.70703125, 2.70703125, 2.70703125, 2.70703125, 2.70703125, 2.70703125, 2.70703125, 2.70703125, 2.70703125, 2.70703125, 2.70703125, 2.70703125, 2.70703125, 2.70703125, 2.70703125, 2.6640625, 2.70703125, 2.70703125, 2.70703125, 2.6640625, 2.70703125, 2.70703125, 2.70703125, 2.70703125, 2.70703125, 2.70703125, 2.70703125, 2.70703125, 2.70703125, 2.70703125, 2.6640625, 2.70703125, 2.70703125, 2.6640625, 2.70703125, 2.70703125, 2.70703125, 2.70703125, 2.70703125, 2.70703125, 2.70703125, 2.70703125, 2.70703125, 2.70703125, 2.70703125, 2.70703125, 2.70703125, 2.70703125, 2.70703125, 2.70703125, 2.70703125, 2.70703125, 2.70703125, 2.70703125, 2.70703125, 2.70703125, 2.70703125, 2.70703125, 2.70703125, 2.70703125, 2.70703125, 2.70703125, 2.70703125, 2.70703125, 2.70703125, 2.70703125, 2.70703125, 2.70703125, 2.70703125, 2.70703125, 2.70703125, 2.70703125, 2.70703125, 2.70703125, 2.70703125, 2.70703125, 2.70703125, 2.70703125, 2.70703125, 2.70703125, 2.70703125, 2.70703125, 2.70703125, 2.70703125, 2.70703125, 2.70703125, 2.70703125, 2.70703125, 2.70703125, 2.70703125, 2.70703125, 2.70703125, 2.70703125, 2.70703125, 2.70703125, 2.70703125, 2.70703125, 2.70703125, 2.70703125, 2.96484375]
r.reason= OK
r.status_code= 200
blind time 0.610595941544
total time 0.858783960342
calling BS_Trace ...
 Capture: 100 @ 1000Hz = 0.100000s (FAST)
[0.98828125, 0.98828125, 1.03125, 0.98828125, 0.98828125, 0.98828125, 0.98828125, 1.03125, 1.03125, 1.03125, 0.98828125, 0.98828125, 1.03125, 1.03125, 1.03125, 1.03125, 1.03125, 1.03125, 1.03125, 1.03125, 1.03125, 1.03125, 1.03125, 1.03125, 1.03125, 1.03125, 1.03125, 1.03125, 1.03125, 1.03125, 1.03125, 1.03125, 1.03125, 1.03125, 1.03125, 1.03125, 1.03125, 1.03125, 1.03125, 1.03125, 1.03125, 1.03125, 1.03125, 1.03125, 1.03125, 1.03125, 1.03125, 1.03125, 1.03125, 1.03125, 1.03125, 1.03125, 1.03125, 1.03125, 1.03125, 1.03125, 1.03125, 1.03125, 1.03125, 1.03125, 1.03125, 1.03125, 1.03125, 1.03125, 1.03125, 1.03125, 1.03125, 1.07421875, 1.03125, 1.03125, 1.03125, 1.03125, 1.03125, 1.03125, 1.07421875, 1.03125, 1.07421875, 1.03125, 1.03125, 1.03125, 1.03125, 1.07421875, 1.03125, 1.03125, 1.03125, 1.03125, 1.03125, 1.03125, 1.03125, 1.03125, 1.03125, 1.03125, 1.03125, 1.03125, 1.03125, 1.03125, 1.07421875, 1.03125, 1.07421875, 1.03125]
r.reason= OK
r.status_code= 200
blind time 0.682544946671
total time 0.925189971924
calling BS_Trace ...
 Capture: 100 @ 1000Hz = 0.100000s (FAST)
[0.859375, 0.859375, 0.859375, 0.859375, 0.859375, 0.859375, 0.859375, 0.859375, 0.859375, 0.859375, 0.859375, 0.859375, 0.859375, 0.859375, 0.859375, 0.859375, 0.859375, 0.859375, 0.859375, 0.859375, 0.859375, 0.859375, 0.859375, 0.859375, 0.859375, 0.859375, 0.859375, 0.859375, 0.859375, 0.859375, 0.859375, 0.859375, 0.859375, 0.859375, 0.859375, 0.859375, 0.859375, 0.859375, 0.859375, 0.859375, 0.859375, 0.859375, 0.859375, 0.859375, 0.859375, 0.859375, 0.859375, 0.859375, 0.859375, 0.859375, 0.859375, 0.859375, 0.859375, 0.859375, 0.859375, 0.859375, 0.859375, 0.859375, 0.859375, 0.859375, 0.859375, 0.859375, 0.859375, 0.859375, 0.859375, 0.859375, 0.859375, 0.859375, 0.859375, 0.859375, 0.859375, 0.859375, 0.859375, 0.859375, 0.859375, 0.859375, 0.859375, 0.859375, 0.859375, 0.859375, 0.859375, 0.859375, 0.859375, 0.859375, 0.859375, 0.859375, 0.859375, 0.859375, 0.859375, 0.859375, 0.859375, 0.859375, 0.859375, 0.859375, 0.859375, 0.859375, 0.859375, 0.859375, 0.859375, 0.859375]
r.reason= OK
r.status_code= 200
blind time 0.675476074219
total time 0.91885304451
calling BS_Trace ...
 Capture: 100 @ 1000Hz = 0.100000s (FAST)
[1.1171875, 1.1171875, 1.07421875, 1.1171875, 1.1171875, 1.07421875, 1.07421875, 1.07421875, 1.1171875, 1.1171875, 1.07421875, 1.07421875, 1.1171875, 1.07421875, 1.1171875, 1.07421875, 1.07421875, 1.07421875, 1.1171875, 1.07421875, 1.1171875, 1.1171875, 1.07421875, 1.07421875, 1.07421875, 1.1171875, 1.1171875, 1.07421875, 1.07421875, 1.1171875, 1.1171875, 1.1171875, 1.1171875, 1.1171875, 1.1171875, 1.1171875, 1.1171875, 1.1171875, 1.1171875, 1.1171875, 1.1171875, 1.1171875, 1.1171875, 1.1171875, 1.1171875, 1.1171875, 1.1171875, 1.1171875, 1.1171875, 1.1171875, 1.1171875, 1.1171875, 1.1171875, 1.1171875, 1.1171875, 1.1171875, 1.1171875, 1.1171875, 1.1171875, 1.1171875, 1.1171875, 1.1171875, 1.1171875, 1.1171875, 1.1171875, 1.1171875, 1.24609375, 1.24609375, 1.24609375, 1.24609375, 1.24609375, 1.24609375, 1.24609375, 1.24609375, 1.24609375, 1.24609375, 1.24609375, 1.24609375, 1.24609375, 1.24609375, 1.24609375, 1.24609375, 1.24609375, 1.24609375, 1.24609375, 1.24609375, 1.24609375, 1.24609375, 1.24609375, 1.33203125, 1.33203125, 1.33203125, 1.33203125, 1.33203125, 1.33203125, 1.33203125, 1.33203125, 1.33203125, 1.33203125, 1.375]
r.reason= OK
r.status_code= 200
blind time 0.73947095871
total time 0.982470035553
calling BS_Trace ...
 Capture: 100 @ 1000Hz = 0.100000s (FAST)
[2.10546875, 2.10546875, 2.0625, 2.0625, 2.10546875, 2.10546875, 2.0625, 2.0625, 2.10546875, 2.10546875, 2.10546875, 2.0625, 2.10546875, 2.10546875, 2.0625, 2.10546875, 2.10546875, 2.0625, 2.10546875, 2.10546875, 2.10546875, 2.10546875, 2.10546875, 2.0625, 2.0625, 2.10546875, 2.0625, 2.10546875, 2.10546875, 2.0625, 2.10546875, 2.10546875, 2.10546875, 2.10546875, 2.10546875, 2.10546875, 2.10546875, 2.10546875, 2.10546875, 2.10546875, 2.10546875, 2.10546875, 2.10546875, 2.0625, 2.0625, 2.10546875, 2.0625, 2.10546875, 2.10546875, 2.10546875, 2.10546875, 2.10546875, 2.10546875, 2.10546875, 2.10546875, 2.0625, 2.0625, 2.0625, 2.10546875, 2.10546875, 2.0625, 2.10546875, 2.0625, 2.10546875, 2.10546875, 2.10546875, 2.0625, 2.10546875, 2.10546875, 2.10546875, 2.10546875, 2.10546875, 2.10546875, 2.10546875, 2.10546875, 2.10546875, 2.0625, 2.10546875, 2.10546875, 2.10546875, 2.0625, 2.10546875, 2.10546875, 2.10546875, 2.10546875, 2.10546875, 2.10546875, 2.10546875, 2.10546875, 2.10546875, 2.10546875, 2.10546875, 2.0625, 2.10546875, 2.10546875, 2.10546875, 2.10546875, 2.10546875, 2.10546875, 2.10546875]
r.reason= OK
r.status_code= 200
blind time 0.676286935806
total time 0.923094034195
calling BS_Trace ...
 Capture: 100 @ 1000Hz = 0.100000s (FAST)
[1.6328125, 1.67578125, 1.67578125, 1.6328125, 1.6328125, 1.6328125, 1.6328125, 1.6328125, 1.6328125, 1.6328125, 1.6328125, 1.6328125, 1.6328125, 1.67578125, 1.6328125, 1.6328125, 1.6328125, 1.6328125, 1.6328125, 1.6328125, 1.6328125, 1.6328125, 1.6328125, 1.6328125, 1.6328125, 1.6328125, 1.6328125, 1.6328125, 1.6328125, 1.6328125, 1.6328125, 1.6328125, 1.6328125, 1.6328125, 1.6328125, 1.6328125, 1.6328125, 1.6328125, 1.6328125, 1.6328125, 1.6328125, 1.6328125, 1.6328125, 1.6328125, 1.6328125, 1.6328125, 1.6328125, 1.6328125, 1.6328125, 1.6328125, 1.6328125, 1.6328125, 1.6328125, 1.6328125, 1.6328125, 1.6328125, 1.6328125, 1.6328125, 1.6328125, 1.6328125, 1.6328125, 1.6328125, 1.6328125, 1.6328125, 1.6328125, 1.6328125, 1.6328125, 1.6328125, 1.6328125, 1.6328125, 1.6328125, 1.6328125, 1.6328125, 1.6328125, 1.6328125, 1.6328125, 1.6328125, 1.6328125, 1.6328125, 1.6328125, 1.6328125, 1.6328125, 1.6328125, 1.6328125, 1.6328125, 1.6328125, 1.58984375, 1.58984375, 1.6328125, 1.58984375, 1.58984375, 1.58984375, 1.67578125, 1.67578125, 1.67578125, 1.58984375, 1.58984375, 1.58984375, 1.6328125, 1.58984375]
r.reason= OK
r.status_code= 200
blind time 0.720186948776
total time 0.966773986816
calling BS_Trace ...
 Capture: 100 @ 1000Hz = 0.100000s (FAST)
[1.76171875, 1.76171875, 1.76171875, 1.76171875, 1.76171875, 1.71875, 1.71875, 1.76171875, 1.76171875, 1.76171875, 1.76171875, 1.76171875, 1.76171875, 1.76171875, 1.76171875, 1.76171875, 1.76171875, 1.76171875, 1.76171875, 1.76171875, 1.76171875, 1.71875, 1.71875, 1.76171875, 1.76171875, 1.71875, 1.76171875, 1.76171875, 1.76171875, 1.76171875, 1.76171875, 1.76171875, 1.76171875, 1.76171875, 1.76171875, 1.76171875, 1.76171875, 1.76171875, 1.76171875, 1.76171875, 1.76171875, 1.76171875, 1.71875, 1.71875, 1.71875, 1.76171875, 1.76171875, 1.76171875, 1.76171875, 1.71875, 1.76171875, 1.76171875, 1.76171875, 1.76171875, 1.76171875, 1.71875, 1.76171875, 1.76171875, 1.76171875, 1.76171875, 1.76171875, 1.76171875, 1.76171875, 1.76171875, 1.76171875, 1.76171875, 1.76171875, 1.76171875, 1.76171875, 1.71875, 1.71875, 1.71875, 1.71875, 1.71875, 1.76171875, 1.71875, 1.71875, 1.76171875, 1.76171875, 1.76171875, 1.76171875, 1.76171875, 1.76171875, 1.76171875, 1.76171875, 1.76171875, 1.76171875, 1.76171875, 1.71875, 1.546875, 1.76171875, 1.76171875, 1.76171875, 1.76171875, 1.76171875, 1.76171875, 1.76171875, 1.76171875, 1.76171875, 1.76171875]
r.reason= OK
r.status_code= 200
blind time 0.835387945175
total time 1.08270192146
calling BS_Trace ...
 Capture: 100 @ 1000Hz = 0.100000s (FAST)
[2.53515625, 2.53515625, 2.53515625, 2.53515625, 2.4921875, 2.4921875, 2.4921875, 2.4921875, 2.4921875, 2.4921875, 2.53515625, 2.53515625, 2.4921875, 2.53515625, 2.53515625, 2.53515625, 2.53515625, 2.53515625, 2.53515625, 2.4921875, 2.53515625, 2.53515625, 2.4921875, 2.4921875, 2.53515625, 2.4921875, 2.27734375, 2.27734375, 2.27734375, 2.3203125, 2.3203125, 2.3203125, 2.3203125, 2.3203125, 2.3203125, 2.27734375, 2.3203125, 2.3203125, 2.27734375, 2.3203125, 2.27734375, 2.27734375, 2.27734375, 2.3203125, 2.3203125, 2.3203125, 2.3203125, 2.3203125, 2.1484375, 2.1484375, 2.1484375, 2.1484375, 2.1484375, 2.1484375, 2.1484375, 2.1484375, 2.1484375, 2.1484375, 2.1484375, 2.1484375, 2.1484375, 2.1484375, 2.1484375, 2.1484375, 2.1484375, 2.1484375, 2.1484375, 2.1484375, 2.1484375, 2.1484375, 2.1484375, 2.1484375, 2.1484375, 2.1484375, 2.1484375, 2.1484375, 2.1484375, 2.1484375, 2.1484375, 2.1484375, 2.1484375, 2.1484375, 2.1484375, 2.1484375, 2.1484375, 2.1484375, 2.1484375, 2.19140625, 2.19140625, 2.1484375, 2.1484375, 2.1484375, 2.1484375, 2.1484375, 2.1484375, 2.1484375, 2.1484375, 2.1484375, 2.1484375, 2.1484375]
r.reason= OK
r.status_code= 200
blind time 0.691931962967
total time 0.939073085785
calling BS_Trace ...
 Capture: 100 @ 1000Hz = 0.100000s (FAST)
[2.40625, 2.40625, 2.40625, 2.40625, 2.40625, 2.36328125, 2.4921875, 2.44921875, 2.40625, 2.40625, 2.40625, 2.40625, 2.40625, 2.40625, 2.40625, 2.40625, 2.40625, 2.40625, 2.40625, 2.40625, 2.40625, 2.40625, 2.40625, 2.40625, 2.40625, 2.40625, 2.44921875, 2.44921875, 2.44921875, 2.4921875, 2.40625, 2.40625, 2.40625, 2.40625, 2.40625, 2.40625, 2.40625, 2.40625, 2.40625, 2.44921875, 2.4921875, 2.44921875, 2.44921875, 2.44921875, 2.40625, 2.4921875, 2.40625, 2.40625, 2.40625, 2.40625, 2.40625, 2.40625, 2.44921875, 2.40625, 2.40625, 2.40625, 2.40625, 2.40625, 2.40625, 2.40625, 2.44921875, 2.44921875, 2.40625, 2.40625, 2.40625, 2.44921875, 2.40625, 2.40625, 2.44921875, 2.40625, 2.40625, 2.40625, 2.40625, 2.40625, 2.44921875, 2.44921875, 2.40625, 2.44921875, 2.40625, 2.40625, 2.44921875, 2.44921875, 2.40625, 2.40625, 2.40625, 2.40625, 2.40625, 2.40625, 2.40625, 2.40625, 2.40625, 2.44921875, 2.44921875, 2.44921875, 2.44921875, 2.44921875, 2.44921875, 2.40625, 2.44921875, 2.44921875]
r.reason= OK
r.status_code= 200
blind time 0.848611116409
total time 1.0917339325
calling BS_Trace ...
 Capture: 100 @ 1000Hz = 0.100000s (FAST)
^Z
[11]+  Stopped                 python exp_bscope_client.py
nedwards@GraidentOne1:~/BitScope/Exampl