nedwards@GraidentOne1:~/BitScope/Examples$ python exp_bscope_client.py
Starting API
s.reason= OK
s.status_code= 200
Starting: Attempting to open one device...
<built-in function BL_State>
calling BS_Trace ...
 Capture: 100 @ 1000Hz = 0.100000s (FAST)
[1.71875, 1.71875, 1.71875, 1.71875, 1.71875, 1.71875, 1.71875, 1.76171875, 1.6328125, 1.71875, 1.71875, 1.76171875, 1.67578125, 1.71875, 1.71875, 1.71875, 1.71875, 1.71875, 1.71875, 1.71875, 1.71875, 1.71875, 1.71875, 1.71875, 1.71875, 1.71875, 1.71875, 1.71875, 1.71875, 1.71875, 1.71875, 1.71875, 1.71875, 1.71875, 1.71875, 1.71875, 1.71875, 1.71875, 1.76171875, 1.71875, 1.71875, 1.71875, 1.71875, 1.71875, 1.71875, 1.76171875, 1.84765625, 1.84765625, 1.71875, 1.71875, 1.71875, 1.71875, 1.71875, 1.71875, 1.71875, 1.71875, 1.71875, 1.71875, 1.71875, 1.76171875, 1.71875, 1.71875, 1.76171875, 1.71875, 1.71875, 1.71875, 1.71875, 1.71875, 1.71875, 1.76171875, 1.8046875, 1.93359375, 1.71875, 1.71875, 1.71875, 1.71875, 1.71875, 1.71875, 1.71875, 1.71875, 1.71875, 1.71875, 1.71875, 1.71875, 1.71875, 1.76171875, 1.71875, 1.71875, 1.71875, 1.71875, 1.71875, 1.71875, 1.71875, 1.71875, 1.71875, 1.71875, 1.76171875, 1.71875, 1.71875, 1.71875]
r.reason= OK
r.status_code= 200
blind time 1.85034513474
total time 2.10724711418
calling BS_Trace ...
 Capture: 100 @ 1000Hz = 0.100000s (FAST)
[1.41796875, 1.4609375, 1.41796875, 1.41796875, 1.41796875, 1.41796875, 1.4609375, 1.4609375, 1.4609375, 1.4609375, 1.4609375, 1.4609375, 1.4609375, 1.4609375, 1.4609375, 1.41796875, 1.4609375, 1.4609375, 1.41796875, 1.4609375, 1.4609375, 1.4609375, 1.41796875, 1.4609375, 1.4609375, 1.4609375, 1.4609375, 1.4609375, 1.4609375, 1.4609375, 1.4609375, 1.4609375, 1.4609375, 1.4609375, 1.4609375, 1.4609375, 1.4609375, 1.4609375, 1.41796875, 1.4609375, 1.4609375, 1.4609375, 1.4609375, 1.4609375, 1.4609375, 1.4609375, 1.4609375, 1.4609375, 1.4609375, 1.4609375, 1.4609375, 1.4609375, 1.4609375, 1.4609375, 1.4609375, 1.4609375, 1.4609375, 1.4609375, 1.4609375, 1.4609375, 1.4609375, 1.4609375, 1.4609375, 1.4609375, 1.4609375, 1.4609375, 1.4609375, 1.4609375, 1.4609375, 1.4609375, 1.4609375, 1.4609375, 1.4609375, 1.4609375, 1.4609375, 1.4609375, 1.4609375, 1.4609375, 1.4609375, 1.4609375, 1.4609375, 1.4609375, 1.4609375, 1.4609375, 1.4609375, 1.4609375, 1.4609375, 1.4609375, 1.4609375, 1.4609375, 1.4609375, 1.4609375, 1.4609375, 1.4609375, 1.4609375, 1.4609375, 1.4609375, 1.4609375, 1.4609375, 1.4609375]
r.reason= OK
r.status_code= 200
blind time 0.751173973083
total time 0.994255065918
calling BS_Trace ...
 Capture: 100 @ 1000Hz = 0.100000s (FAST)
[2.234375, 2.234375, 2.234375, 2.234375, 2.234375, 2.234375, 2.234375, 2.234375, 2.234375, 2.234375, 2.234375, 2.234375, 2.234375, 2.234375, 2.234375, 2.234375, 2.234375, 2.234375, 2.234375, 2.234375, 2.234375, 2.234375, 2.234375, 2.234375, 2.234375, 2.234375, 2.234375, 2.234375, 2.234375, 2.234375, 2.234375, 2.1484375, 2.1484375, 2.1484375, 2.1484375, 2.1484375, 2.1484375, 2.1484375, 2.1484375, 2.1484375, 2.1484375, 2.1484375, 2.1484375, 2.1484375, 2.1484375, 2.1484375, 2.1484375, 2.1484375, 2.1484375, 2.1484375, 2.1484375, 2.1484375, 2.1484375, 2.0625, 2.0625, 2.0625, 2.0625, 2.0625, 2.0625, 2.0625, 2.0625, 2.0625, 2.0625, 2.0625, 2.0625, 2.0625, 2.0625, 2.0625, 2.0625, 2.0625, 2.0625, 2.0625, 2.0625, 2.0625, 2.0625, 2.0625, 2.0625, 2.0625, 2.0625, 2.0625, 2.0625, 2.0625, 2.0625, 2.0625, 2.0625, 2.0625, 2.0625, 2.0625, 2.0625, 2.0625, 2.0625, 2.0625, 2.0625, 2.0625, 2.0625, 2.0625, 2.0625, 2.0625, 2.0625, 2.0625]
r.reason= OK
r.status_code= 200
blind time 0.842622041702
total time 1.08505916595
calling BS_Trace ...
 Capture: 100 @ 1000Hz = 0.100000s (FAST)
[2.40625, 2.40625, 2.40625, 2.40625, 2.40625, 2.40625, 2.40625, 2.40625, 2.40625, 2.40625, 2.40625, 2.40625, 2.40625, 2.40625, 2.40625, 2.40625, 2.40625, 2.40625, 2.40625, 2.40625, 2.40625, 2.40625, 2.40625, 2.40625, 2.40625, 2.36328125, 2.40625, 2.40625, 2.40625, 2.40625, 2.40625, 2.40625, 2.40625, 2.40625, 2.40625, 2.40625, 2.40625, 2.40625, 2.40625, 2.40625, 2.40625, 2.40625, 2.40625, 2.40625, 2.40625, 2.40625, 2.40625, 2.40625, 2.40625, 2.40625, 2.40625, 2.40625, 2.40625, 2.40625, 2.40625, 2.40625, 2.40625, 2.40625, 2.40625, 2.40625, 2.36328125, 2.40625, 2.40625, 2.40625, 2.40625, 2.40625, 2.40625, 2.40625, 2.40625, 2.40625, 2.40625, 2.40625, 2.40625, 2.40625, 2.40625, 2.40625, 2.40625, 2.40625, 2.40625, 2.40625, 2.40625, 2.40625, 2.40625, 2.40625, 2.40625, 2.40625, 2.40625, 2.40625, 2.40625, 2.40625, 2.40625, 2.40625, 2.40625, 2.40625, 2.36328125, 2.40625, 2.40625, 2.40625, 2.40625, 2.40625]
r.reason= OK
r.status_code= 200
blind time 0.715862989426
total time 0.961829900742
calling BS_Trace ...
 Capture: 100 @ 1000Hz = 0.100000s (FAST)
[1.71875, 1.71875, 1.71875, 1.71875, 1.71875, 1.71875, 1.71875, 1.71875, 1.71875, 1.67578125, 1.71875, 1.71875, 1.71875, 1.71875, 1.71875, 1.71875, 1.71875, 1.71875, 1.71875, 1.71875, 1.71875, 1.71875, 1.71875, 1.71875, 1.71875, 1.71875, 1.71875, 1.71875, 1.71875, 1.71875, 1.71875, 1.71875, 1.71875, 1.71875, 1.71875, 1.71875, 1.71875, 1.71875, 1.71875, 1.71875, 1.71875, 1.71875, 1.71875, 1.71875, 1.71875, 1.71875, 1.71875, 1.71875, 1.71875, 1.71875, 1.71875, 1.71875, 1.71875, 1.71875, 1.71875, 1.71875, 1.71875, 1.71875, 1.71875, 1.71875, 1.71875, 1.71875, 1.71875, 1.71875, 1.71875, 1.71875, 1.71875, 1.71875, 1.71875, 1.71875, 1.71875, 1.71875, 1.71875, 1.71875, 1.71875, 1.71875, 1.71875, 1.71875, 1.71875, 1.71875, 1.71875, 1.71875, 1.71875, 1.71875, 1.71875, 1.71875, 1.71875, 1.71875, 1.71875, 1.71875, 1.71875, 1.71875, 1.71875, 1.71875, 1.71875, 1.71875, 1.71875, 1.71875, 1.71875, 1.71875]
r.reason= OK
r.status_code= 200
blind time 0.733613014221
total time 0.981027841568
calling BS_Trace ...
 Capture: 100 @ 1000Hz = 0.100000s (FAST)
[1.71875, 1.71875, 1.71875, 1.71875, 1.71875, 1.71875, 1.71875, 1.71875, 1.71875, 1.71875, 1.71875, 1.71875, 1.71875, 1.71875, 1.71875, 1.71875, 1.71875, 1.71875, 1.71875, 1.71875, 1.71875, 1.71875, 1.71875, 1.71875, 1.71875, 1.71875, 1.71875, 1.71875, 1.71875, 1.71875, 1.71875, 1.71875, 1.71875, 1.71875, 1.71875, 1.71875, 1.71875, 1.71875, 1.71875, 1.71875, 1.71875, 1.71875, 1.71875, 1.71875, 1.71875, 1.71875, 1.71875, 1.71875, 1.71875, 1.71875, 1.71875, 1.71875, 1.71875, 1.71875, 1.71875, 1.71875, 1.71875, 1.71875, 1.71875, 1.71875, 1.71875, 1.71875, 1.71875, 1.71875, 1.71875, 1.71875, 1.71875, 1.71875, 1.71875, 1.71875, 1.71875, 1.71875, 1.71875, 1.71875, 1.71875, 1.71875, 1.71875, 1.71875, 1.71875, 1.71875, 1.71875, 1.71875, 1.71875, 1.71875, 1.71875, 1.71875, 1.71875, 1.71875, 1.71875, 1.71875, 1.71875, 1.71875, 1.71875, 1.71875, 1.71875, 1.71875, 1.71875, 1.71875, 1.71875, 1.71875]
r.reason= OK
r.status_code= 200
blind time 0.547207117081
total time 0.794327020645
calling BS_Trace ...
 Capture: 100 @ 1000Hz = 0.100000s (FAST)
[1.71875, 1.71875, 1.71875, 1.71875, 1.71875, 1.71875, 1.71875, 1.71875, 1.71875, 1.71875, 1.71875, 1.71875, 1.71875, 1.71875, 1.71875, 1.71875, 1.71875, 1.71875, 1.71875, 1.71875, 1.71875, 1.71875, 1.71875, 1.71875, 1.71875, 1.71875, 1.71875, 1.71875, 1.71875, 1.71875, 1.71875, 1.71875, 1.71875, 1.71875, 1.71875, 1.71875, 1.71875, 1.71875, 1.71875, 1.71875, 1.71875, 1.71875, 1.71875, 1.71875, 1.71875, 1.71875, 1.71875, 1.71875, 1.71875, 1.71875, 1.71875, 1.71875, 1.71875, 1.71875, 1.71875, 1.71875, 1.71875, 1.71875, 1.71875, 1.71875, 1.71875, 1.71875, 1.71875, 1.71875, 1.71875, 1.71875, 1.71875, 1.71875, 1.71875, 1.71875, 1.71875, 1.71875, 1.71875, 1.71875, 1.71875, 1.71875, 1.71875, 1.71875, 1.71875, 1.71875, 1.71875, 1.71875, 1.71875, 1.71875, 1.71875, 1.71875, 1.71875, 1.71875, 1.71875, 1.71875, 1.71875, 1.71875, 1.71875, 1.71875, 1.71875, 1.71875, 1.71875, 1.71875, 1.71875, 1.71875]
r.reason= OK
r.status_code= 200
blind time 0.749496936798
total time 0.990226984024
calling BS_Trace ...
 Capture: 100 @ 1000Hz = 0.100000s (FAST)
[1.71875, 1.71875, 1.71875, 1.71875, 1.71875, 1.71875, 1.71875, 1.71875, 1.71875, 1.71875, 1.71875, 1.71875, 1.71875, 1.71875, 1.71875, 1.71875, 1.71875, 1.71875, 1.71875, 1.71875, 1.71875, 1.71875, 1.71875, 1.71875, 1.71875, 1.71875, 1.71875, 1.71875, 1.71875, 1.71875, 1.71875, 1.71875, 1.71875, 1.71875, 1.71875, 1.71875, 1.71875, 1.71875, 1.71875, 1.71875, 1.71875, 1.71875, 1.71875, 1.71875, 1.71875, 1.71875, 1.71875, 1.71875, 1.71875, 1.71875, 1.71875, 1.71875, 1.71875, 1.71875, 1.71875, 1.71875, 1.71875, 1.71875, 1.71875, 1.71875, 1.71875, 1.71875, 1.71875, 1.71875, 1.71875, 1.71875, 1.71875, 1.71875, 1.71875, 1.71875, 1.71875, 1.71875, 1.71875, 1.71875, 1.71875, 1.71875, 1.71875, 1.71875, 1.71875, 1.71875, 1.71875, 1.71875, 1.71875, 1.71875, 1.71875, 1.71875, 1.71875, 1.71875, 1.71875, 1.71875, 1.71875, 1.71875, 1.71875, 1.71875, 1.71875, 1.71875, 1.71875, 1.71875, 1.71875, 1.71875]
r.reason= OK
r.status_code= 200
blind time 0.563801050186
total time 0.807909965515
calling BS_Trace ...
 Capture: 100 @ 1000Hz = 0.100000s (FAST)
[1.71875, 1.71875, 1.71875, 1.71875, 1.71875, 1.71875, 1.71875, 1.71875, 1.71875, 1.71875, 1.71875, 1.71875, 1.71875, 1.71875, 1.71875, 1.71875, 1.71875, 1.71875, 1.71875, 1.71875, 1.71875, 1.71875, 1.71875, 1.71875, 1.71875, 1.71875, 1.71875, 1.71875, 1.71875, 1.71875, 1.71875, 1.71875, 1.71875, 1.71875, 1.71875, 1.71875, 1.71875, 1.71875, 1.71875, 1.71875, 1.71875, 1.71875, 1.71875, 1.71875, 1.71875, 1.71875, 1.71875, 1.71875, 1.71875, 1.71875, 1.71875, 1.71875, 1.71875, 1.71875, 1.71875, 1.71875, 1.71875, 1.71875, 1.71875, 1.71875, 1.71875, 1.71875, 1.71875, 1.71875, 1.71875, 1.71875, 1.71875, 1.71875, 1.71875, 1.71875, 1.71875, 1.71875, 1.71875, 1.71875, 1.71875, 1.71875, 1.71875, 1.71875, 1.71875, 1.71875, 1.71875, 1.71875, 1.71875, 1.71875, 1.71875, 1.71875, 1.71875, 1.71875, 1.71875, 1.71875, 1.71875, 1.71875, 1.71875, 1.71875, 1.71875, 1.71875, 1.71875, 1.71875, 1.71875, 1.71875]
r.reason= OK
r.status_code= 200
blind time 0.713870048523
total time 0.96072602272
calling BS_Trace ...
 Capture: 100 @ 1000Hz = 0.100000s (FAST)
[1.890625, 1.890625, 1.890625, 1.890625, 1.890625, 1.890625, 1.890625, 1.890625, 1.84765625, 1.890625, 1.890625, 1.890625, 1.890625, 1.890625, 1.890625, 1.890625, 1.890625, 1.890625, 1.890625, 1.890625, 1.890625, 1.890625, 1.890625, 1.890625, 1.890625, 1.890625, 1.890625, 1.890625, 1.890625, 1.890625, 1.890625, 1.890625, 1.890625, 1.890625, 1.890625, 1.890625, 1.890625, 1.890625, 1.890625, 1.890625, 1.890625, 1.890625, 1.890625, 1.890625, 1.84765625, 1.890625, 1.890625, 1.890625, 1.84765625, 1.9765625, 1.890625, 1.890625, 1.84765625, 1.890625, 1.890625, 1.84765625, 1.890625, 1.890625, 1.890625, 1.84765625, 1.84765625, 1.890625, 1.890625, 1.84765625, 1.890625, 1.890625, 1.890625, 1.890625, 1.890625, 1.890625, 1.890625, 1.890625, 1.84765625, 1.890625, 1.890625, 1.84765625, 1.890625, 1.890625, 1.84765625, 1.890625, 1.890625, 1.890625, 1.84765625, 1.84765625, 1.84765625, 1.890625, 1.84765625, 1.8046875, 1.890625, 1.890625, 1.84765625, 1.890625, 1.890625, 1.8046875, 1.84765625, 1.84765625, 1.890625, 1.84765625, 1.84765625, 1.890625]
r.reason= OK
r.status_code= 200
blind time 0.752197027206
total time 0.998779058456
calling BS_Trace ...
 Capture: 100 @ 1000Hz = 0.100000s (FAST)
[1.9765625, 2.0625, 1.93359375, 1.93359375, 1.93359375, 1.93359375, 1.93359375, 1.9765625, 1.9765625, 1.9765625, 1.9765625, 1.93359375, 1.93359375, 1.93359375, 1.93359375, 1.93359375, 1.93359375, 1.93359375, 1.93359375, 1.93359375, 1.93359375, 1.93359375, 1.93359375, 1.93359375, 1.93359375, 1.93359375, 1.93359375, 1.93359375, 1.93359375, 1.93359375, 1.93359375, 1.93359375, 1.93359375, 1.9765625, 1.93359375, 1.9765625, 1.93359375, 1.9765625, 1.93359375, 1.9765625, 1.9765625, 1.9765625, 1.9765625, 1.9765625, 1.9765625, 1.84765625, 1.8046875, 1.84765625, 1.8046875, 1.8046875, 1.84765625, 1.8046875, 1.84765625, 1.84765625, 1.8046875, 1.84765625, 1.84765625, 1.84765625, 1.76171875, 1.84765625, 1.84765625, 1.8046875, 1.84765625, 1.8046875, 1.71875, 1.84765625, 1.84765625, 1.8046875, 1.84765625, 1.71875, 1.71875, 1.76171875, 1.71875, 1.71875, 1.71875, 1.71875, 1.71875, 1.71875, 1.71875, 1.71875, 1.71875, 1.71875, 1.71875, 1.71875, 1.71875, 1.71875, 1.71875, 1.71875, 1.71875, 1.71875, 1.71875, 1.71875, 1.71875, 1.71875, 1.71875, 1.71875, 1.71875, 1.71875, 1.76171875, 1.71875]
r.reason= OK
r.status_code= 200
blind time 0.770967006683
total time 1.01349616051
calling BS_Trace ...
 Capture: 100 @ 1000Hz = 0.100000s (FAST)
[1.03125, 1.03125, 1.03125, 1.03125, 1.03125, 1.03125, 1.03125, 1.03125, 1.03125, 1.03125, 1.03125, 1.03125, 1.03125, 1.03125, 1.03125, 1.03125, 1.03125, 1.03125, 1.03125, 1.03125, 1.03125, 1.03125, 1.03125, 1.03125, 1.16015625, 1.03125, 1.03125, 0.98828125, 1.03125, 1.03125, 1.03125, 1.03125, 1.03125, 1.03125, 1.03125, 1.03125, 1.03125, 1.03125, 1.03125, 1.03125, 1.03125, 1.07421875, 1.03125, 1.03125, 1.03125, 1.03125, 1.03125, 1.03125, 1.03125, 1.03125, 1.03125, 1.03125, 1.03125, 1.03125, 1.03125, 1.03125, 1.03125, 1.03125, 1.03125, 1.03125, 1.03125, 1.03125, 1.03125, 1.03125, 1.03125, 1.03125, 1.03125, 1.03125, 1.03125, 1.03125, 1.03125, 1.03125, 1.03125, 1.03125, 1.03125, 1.03125, 1.03125, 1.03125, 1.03125, 1.03125, 1.03125, 1.03125, 1.03125, 1.03125, 1.03125, 1.03125, 1.03125, 1.03125, 1.03125, 1.03125, 1.03125, 1.03125, 1.03125, 1.03125, 1.03125, 1.03125, 1.03125, 1.03125, 1.03125, 1.03125]
r.reason= OK
r.status_code= 200
blind time 0.741688966751
total time 0.98818397522
calling BS_Trace ...
 Capture: 100 @ 1000Hz = 0.100000s (FAST)
[1.24609375, 1.2890625, 1.2890625, 1.2890625, 1.2890625, 1.2890625, 1.2890625, 1.24609375, 1.2890625, 1.2890625, 1.2890625, 1.24609375, 1.2890625, 1.2890625, 1.2890625, 1.2890625, 1.2890625, 1.2890625, 1.2890625, 1.2890625, 1.2890625, 1.2890625, 1.2890625, 1.2890625, 1.2890625, 1.2890625, 1.2890625, 1.2890625, 1.2890625, 1.2890625, 1.2890625, 1.2890625, 1.2890625, 1.2890625, 1.2890625, 1.2890625, 1.2890625, 1.2890625, 1.2890625, 1.2890625, 1.2890625, 1.2890625, 1.2890625, 1.2890625, 1.2890625, 1.2890625, 1.2890625, 1.2890625, 1.2890625, 1.2890625, 1.2890625, 1.2890625, 1.2890625, 1.2890625, 1.2890625, 1.2890625, 1.2890625, 1.2890625, 1.2890625, 1.2890625, 1.2890625, 1.2890625, 1.2890625, 1.2890625, 1.2890625, 1.2890625, 1.2890625, 1.2890625, 1.2890625, 1.2890625, 1.2890625, 1.2890625, 1.2890625, 1.2890625, 1.2890625, 1.2890625, 1.2890625, 1.2890625, 1.2890625, 1.2890625, 1.2890625, 1.2890625, 1.2890625, 1.2890625, 1.2890625, 1.2890625, 1.2890625, 1.2890625, 1.2890625, 1.2890625, 1.2890625, 1.2890625, 1.2890625, 1.2890625, 1.2890625, 1.2890625, 1.2890625, 1.33203125, 1.2890625, 1.375]
r.reason= OK
r.status_code= 200
blind time 0.882698059082
total time 1.12872314453
calling BS_Trace ...
 Capture: 100 @ 1000Hz = 0.100000s (FAST)
[1.71875, 1.71875, 1.71875, 1.71875, 1.71875, 1.71875, 1.71875, 1.71875, 1.71875, 1.71875, 1.71875, 1.71875, 1.71875, 1.71875, 1.71875, 1.71875, 1.71875, 1.71875, 1.71875, 1.71875, 1.67578125, 1.71875, 1.71875, 1.76171875, 1.71875, 1.71875, 1.71875, 1.71875, 1.71875, 1.71875, 1.71875, 1.71875, 1.71875, 1.71875, 1.71875, 1.71875, 1.71875, 1.71875, 1.71875, 1.71875, 1.71875, 1.71875, 1.71875, 1.71875, 1.71875, 1.71875, 1.71875, 1.71875, 1.71875, 1.71875, 1.71875, 1.71875, 1.71875, 1.71875, 1.71875, 1.71875, 1.71875, 1.71875, 1.71875, 1.71875, 1.71875, 1.71875, 1.71875, 1.71875, 1.71875, 1.71875, 1.71875, 1.71875, 1.71875, 1.71875, 1.71875, 1.71875, 1.71875, 1.71875, 1.71875, 1.71875, 1.71875, 1.71875, 1.71875, 1.71875, 1.71875, 1.71875, 1.71875, 1.71875, 1.71875, 1.71875, 1.71875, 1.71875, 1.71875, 1.71875, 1.71875, 1.71875, 1.71875, 1.71875, 1.71875, 1.71875, 1.71875, 1.71875, 1.71875, 1.71875]
r.reason= OK
r.status_code= 200
blind time 0.742570877075
total time 0.985662937164
calling BS_Trace ...
 Capture: 100 @ 1000Hz = 0.100000s (FAST)
[1.71875, 1.71875, 1.71875, 1.71875, 1.71875, 1.71875, 1.71875, 1.71875, 1.71875, 1.71875, 1.71875, 1.71875, 1.71875, 1.71875, 1.71875, 1.71875, 1.71875, 1.71875, 1.71875, 1.71875, 1.71875, 1.71875, 1.71875, 1.71875, 1.71875, 1.71875, 1.71875, 1.71875, 1.71875, 1.71875, 1.71875, 1.71875, 1.71875, 1.71875, 1.71875, 1.71875, 1.71875, 1.71875, 1.71875, 1.71875, 1.71875, 1.71875, 1.71875, 1.71875, 1.71875, 1.71875, 1.71875, 1.71875, 1.71875, 1.71875, 1.71875, 1.71875, 1.71875, 1.71875, 1.71875, 1.71875, 1.71875, 1.71875, 1.71875, 1.71875, 1.71875, 1.71875, 1.71875, 1.71875, 1.71875, 1.71875, 1.71875, 1.71875, 1.71875, 1.71875, 1.71875, 1.71875, 1.71875, 1.71875, 1.71875, 1.71875, 1.71875, 1.71875, 1.71875, 1.71875, 1.71875, 1.71875, 1.71875, 1.71875, 1.71875, 1.71875, 1.71875, 1.71875, 1.71875, 1.71875, 1.71875, 1.71875, 1.71875, 1.71875, 1.71875, 1.71875, 1.71875, 1.71875, 1.71875, 1.71875]
r.reason= OK
r.status_code= 200
blind time 0.834953069687
total time 1.08108115196
calling BS_Trace ...
 Capture: 100 @ 1000Hz = 0.100000s (FAST)
[1.71875, 1.71875, 1.71875, 1.71875, 1.71875, 1.71875, 1.71875, 1.71875, 1.71875, 1.71875, 1.71875, 1.71875, 1.71875, 1.71875, 1.71875, 1.71875, 1.71875, 1.71875, 1.71875, 1.71875, 1.71875, 1.71875, 1.71875, 1.71875, 1.71875, 1.71875, 1.71875, 1.71875, 1.71875, 1.71875, 1.71875, 1.71875, 1.71875, 1.71875, 1.71875, 1.71875, 1.71875, 1.71875, 1.71875, 1.71875, 1.71875, 1.71875, 1.71875, 1.71875, 1.71875, 1.71875, 1.71875, 1.71875, 1.71875, 1.71875, 1.71875, 1.71875, 1.71875, 1.71875, 1.71875, 1.71875, 1.71875, 1.71875, 1.71875, 1.71875, 1.71875, 1.71875, 1.71875, 1.71875, 1.71875, 1.71875, 1.71875, 1.71875, 1.71875, 1.71875, 1.71875, 1.71875, 1.71875, 1.71875, 1.71875, 1.71875, 1.71875, 1.71875, 1.71875, 1.71875, 1.71875, 1.71875, 1.71875, 1.71875, 1.71875, 1.71875, 1.71875, 1.71875, 1.71875, 1.71875, 1.71875, 1.71875, 1.71875, 1.71875, 1.71875, 1.71875, 1.71875, 1.71875, 1.71875, 1.71875]
r.reason= OK
r.status_code= 200
blind time 0.82900595665
total time 1.07461905479
calling BS_Trace ...
 Capture: 100 @ 1000Hz = 0.100000s (FAST)
[1.07421875, 1.07421875, 1.07421875, 1.07421875, 1.07421875, 1.07421875, 1.07421875, 1.07421875, 1.07421875, 1.07421875, 1.07421875, 1.07421875, 1.07421875, 1.07421875, 1.1171875, 1.07421875, 1.07421875, 1.07421875, 1.07421875, 1.07421875, 1.07421875, 1.07421875, 1.07421875, 1.07421875, 1.07421875, 1.07421875, 1.07421875, 1.07421875, 1.07421875, 1.07421875, 1.07421875, 1.07421875, 1.07421875, 1.07421875, 1.07421875, 1.07421875, 1.07421875, 1.07421875, 1.07421875, 1.07421875, 1.07421875, 1.07421875, 1.07421875, 1.07421875, 1.07421875, 1.07421875, 1.07421875, 1.07421875, 1.07421875, 1.07421875, 1.07421875, 1.07421875, 1.07421875, 1.07421875, 1.07421875, 1.07421875, 1.07421875, 1.07421875, 1.07421875, 1.07421875, 1.07421875, 1.07421875, 1.07421875, 1.07421875, 1.07421875, 1.07421875, 1.07421875, 1.07421875, 1.07421875, 1.07421875, 1.07421875, 1.07421875, 1.07421875, 1.07421875, 1.07421875, 1.07421875, 1.07421875, 1.07421875, 1.07421875, 1.07421875, 1.07421875, 1.07421875, 1.07421875, 1.07421875, 1.07421875, 1.07421875, 1.07421875, 1.07421875, 1.07421875, 1.07421875, 1.07421875, 1.07421875, 1.07421875, 1.07421875, 1.07421875, 1.03125, 1.07421875, 1.07421875, 1.07421875, 1.07421875]
r.reason= OK
r.status_code= 200
blind time 0.545441150665
total time 0.792681932449
calling BS_Trace ...
 Capture: 100 @ 1000Hz = 0.100000s (FAST)
[1.2890625, 1.33203125, 1.41796875, 1.2890625, 1.2890625, 1.2890625, 1.2890625, 1.2890625, 1.2890625, 1.2890625, 1.2890625, 1.2890625, 1.2890625, 1.2890625, 1.24609375, 1.2890625, 1.24609375, 1.2890625, 1.2890625, 1.2890625, 1.2890625, 1.2890625, 1.2890625, 1.203125, 1.375, 1.33203125, 1.2890625, 1.2890625, 1.2890625, 1.2890625, 1.2890625, 1.2890625, 1.2890625, 1.2890625, 1.2890625, 1.2890625, 1.24609375, 1.2890625, 1.2890625, 1.2890625, 1.2890625, 1.2890625, 1.2890625, 1.2890625, 1.2890625, 1.2890625, 1.2890625, 1.2890625, 1.2890625, 1.24609375, 1.2890625, 1.2890625, 1.2890625, 1.2890625, 1.2890625, 1.2890625, 1.2890625, 1.2890625, 1.2890625, 1.24609375, 1.2890625, 1.2890625, 1.2890625, 1.2890625, 1.2890625, 1.2890625, 1.2890625, 1.2890625, 1.2890625, 1.2890625, 1.2890625, 1.2890625, 1.2890625, 1.2890625, 1.2890625, 1.2890625, 1.2890625, 1.2890625, 1.2890625, 1.2890625, 1.2890625, 1.2890625, 1.2890625, 1.2890625, 1.2890625, 1.2890625, 1.2890625, 1.2890625, 1.2890625, 1.2890625, 1.2890625, 1.2890625, 1.2890625, 1.2890625, 1.2890625, 1.2890625, 1.2890625, 1.2890625, 1.2890625, 1.2890625]
r.reason= OK
r.status_code= 200
blind time 0.774005174637
total time 1.01602506638
calling BS_Trace ...
 Capture: 100 @ 1000Hz = 0.100000s (FAST)
[1.71875, 1.71875, 1.71875, 1.71875, 1.71875, 1.71875, 1.71875, 1.71875, 1.71875, 1.71875, 1.71875, 1.67578125, 1.76171875, 1.71875, 1.71875, 1.71875, 1.71875, 1.76171875, 1.71875, 1.71875, 1.67578125, 1.71875, 1.71875, 1.71875, 1.71875, 1.71875, 1.71875, 1.71875, 1.71875, 1.71875, 1.71875, 1.71875, 1.71875, 1.71875, 1.71875, 1.71875, 1.71875, 1.71875, 1.71875, 1.71875, 1.71875, 1.71875, 1.71875, 1.71875, 1.71875, 1.71875, 1.71875, 1.71875, 1.71875, 1.71875, 1.71875, 1.71875, 1.71875, 1.71875, 1.71875, 1.71875, 1.71875, 1.71875, 1.71875, 1.71875, 1.71875, 1.71875, 1.71875, 1.71875, 1.71875, 1.71875, 1.71875, 1.71875, 1.71875, 1.71875, 1.71875, 1.71875, 1.67578125, 1.71875, 1.71875, 1.76171875, 1.67578125, 1.71875, 1.71875, 1.71875, 1.67578125, 1.67578125, 1.71875, 1.71875, 1.71875, 1.71875, 1.71875, 1.71875, 1.71875, 1.71875, 1.71875, 1.71875, 1.71875, 1.71875, 1.71875, 1.71875, 1.71875, 1.71875, 1.71875, 1.71875]
r.reason= OK
r.status_code= 200
blind time 0.570209980011
total time 0.816797971725
calling BS_Trace ...
 Capture: 100 @ 1000Hz = 0.100000s (FAST)
[1.9765625, 1.9765625, 1.9765625, 1.9765625, 1.9765625, 1.9765625, 1.9765625, 1.9765625, 1.9765625, 1.9765625, 1.9765625, 1.9765625, 1.9765625, 1.9765625, 1.9765625, 1.9765625, 1.9765625, 1.9765625, 1.9765625, 1.9765625, 1.9765625, 1.9765625, 1.9765625, 1.9765625, 1.9765625, 1.9765625, 1.9765625, 1.9765625, 1.9765625, 1.9765625, 1.9765625, 1.9765625, 1.9765625, 1.9765625, 1.9765625, 1.9765625, 1.9765625, 1.9765625, 1.9765625, 1.9765625, 1.9765625, 1.9765625, 1.9765625, 1.9765625, 1.9765625, 1.9765625, 1.9765625, 1.9765625, 1.9765625, 1.9765625, 1.9765625, 1.9765625, 1.9765625, 1.9765625, 1.9765625, 1.9765625, 1.9765625, 1.9765625, 1.9765625, 1.9765625, 1.9765625, 1.9765625, 1.9765625, 1.9765625, 1.9765625, 1.9765625, 1.9765625, 1.9765625, 1.9765625, 1.9765625, 1.9765625, 1.9765625, 1.9765625, 1.9765625, 1.9765625, 1.9765625, 1.9765625, 1.9765625, 1.9765625, 1.9765625, 1.9765625, 1.9765625, 1.93359375, 1.9765625, 1.9765625, 1.9765625, 1.9765625, 1.9765625, 1.9765625, 1.9765625, 1.9765625, 1.9765625, 1.9765625, 1.9765625, 1.9765625, 1.9765625, 1.9765625, 1.9765625, 1.9765625, 1.9765625]
r.reason= OK
r.status_code= 200
blind time 0.698750019073
total time 0.944446802139
calling BS_Trace ...
 Capture: 100 @ 1000Hz = 0.100000s (FAST)
^Z
[9]+  Stopped                 python exp_bscope_client.py
nedwards@GraidentOne1:~/BitScope/